5.42864001861
25.4486576436
16.0143383926
5.05804282833
26.3928624826
15.8321676645
3.94336182995
24.0281725885
15.133411011
7.08782061523
25.1632563388
15.9017570998
5.76251478467
25.889500719
14.5772041021
5.88682580546
24.0870398794
15.3194303206
5.36099701486
26.0299621497
16.4150338334
3.21767207147
26.1175458114
15.9308688901
4.6208966723
25.6384367352
13.9078659631
4.19907794304
26.8263432063
16.6100509686
5.20336712723
25.0632805669
16.1570210883
4.84944121714
25.5410008233
15.9899802434
4.27869475222
23.6995349903
16.5542904487
5.93078998034
25.5440427413
15.1277822913
5.86079887737
24.5336895092
14.0865698116
6.07770661968
24.5125569229
16.1199573842
6.29398547749
26.5670224653
15.5978413146
4.44104065393
25.7546291672
15.3510468124
5.60855666849
25.4743241254
16.8543948152
5.74418966632
25.6692761793
17.6135558885
3.43201364487
26.105295633
15.6788699676
6.47529775366
25.2709370984
12.8720174331
3.01457925922
24.7434298006
14.6032667451
5.87731525398
25.47228523
16.1630614696
6.85322449688
26.1016264105
14.7302956228
5.45008965899
24.7352738676
15.5034815013
6.33492993566
26.0438405252
15.688291093
3.71649178032
25.5739479985
16.479107693
6.14356771981
25.7025409479
15.1304055199
5.69873344186
25.449326536
15.0891307612
6.00490360884
25.2695569292
15.6408511319
4.14023094311
26.2022485718
16.1575838954
5.70233503929
26.9036828762
15.5207099044
6.12539333785
25.3895899411
15.0449225952
5.63747174403
24.5996476421
14.0621479709
6.42566038084
26.479638799
17.7737100823
6.56290386779
25.8100030472
14.1990590893
6.01470209242
26.2802574852
15.5854707035
5.88202306767
24.9139918939
15.7726552789
5.98898121138
23.1632347831
14.8467294035
3.62990577066
25.7293358791
14.9836716067
4.13889641639
25.3508382194
13.8346747162
6.26662977686
24.0480193556
15.6806665352
4.56027333102
23.9633040622
14.3367469779
5.79603110784
25.8663538794
15.6391861639
4.25992803961
24.6701770572
14.214933312
6.05814686476
27.1845039746
15.3360026106
5.28607388543
24.7748164772
14.7133443301
5.70795117934
25.2107957701
14.7584431823
5.28454422374
26.4644925141
15.4633619445
5.5559274711
26.8032960727
16.1381391386
4.51090372985
26.5385273642
14.6121804392
6.36853263743
27.1189394378
16.4081865502
5.9040606981
24.8793874645
14.5719331215
5.54190757423
26.4602096431
15.2543425935
6.38320515057
24.80006997
15.1767919371
4.80052746803
24.7517863638
13.3584080839
4.47714505563
25.6132132887
15.5202940413
6.02175512817
25.5200535671
14.4868851033
7.00008716023
25.9446697061
14.3134585242
6.77665171642
25.2513381373
16.8918608432
4.47914960133
25.7337975714
14.4672705056
4.52098081509
24.9032035451
15.7926033292
6.03548164625
26.0966733036
16.4645545452
5.6724699016
25.6405247272
15.2719784873
6.34613631878
25.6880930524
15.1775394569
3.53594268239
26.580098082
16.1671441573
5.32794907285
26.893655418
14.9477009946
3.77429901431
26.1924002375
14.7152083465
4.51058547597
27.122663725
16.1398024788
5.9597398419
27.2820783497
15.5694501112
5.28762707054
25.0100117661
16.6813509916
6.54197745088
25.2887761328
16.1440889958
6.58721213104
26.6038512244
15.2705358758
4.02885767126
25.2945857003
13.6872543025
4.13810093134
24.8594235483
14.6276943254
7.17694468708
25.8755007161
14.6674439531
5.43668543003
25.6457021357
15.4489436747
4.44748684149
24.9516275903
15.7768821386
5.99651230099
25.0000845133
17.5970376686
5.47856302975
25.0806962079
14.2472600978
6.62259790759
26.0782300194
15.4295937705
4.48280902162
26.1197344853
14.1948964391
5.86384177318
26.0335447225
15.7056870723
5.57422525167
26.9100987389
14.6402736314
4.38144863403
27.3812330859
14.3720030392
5.84698043304
25.8756447077
14.3950754118
4.95761172148
26.460219039
15.7649243951
5.66920000124
26.1304123212
15.3765498963
4.99391170383
25.0098415074
14.7143064424
3.52779962015
27.2861191138
16.9212444972
6.52153819293
24.4591998594
15.8869960039
7.24919975043
24.899199774
14.5926442032
5.16958866195
25.493911388
16.523061111
6.27807986017
25.8135905788
17.4062705205
4.84116435678
26.4929433168
15.467235876
5.9389456899
27.0493578813
13.4604972834
5.97936950459
25.0978292801
15.2545373901
5.55956907706
26.5420566165
15.355507377
5.60375894048
26.2911661891
15.2994935421
3.7553028026
23.9688291246
15.4017827818
6.33289409072
26.1537301793
15.6683177624
5.54019682792
26.1596915578
17.1417446616
4.83567223058
26.1403566637
17.0263565531
4.20066227184
25.8557694018
13.4715899763
6.01128915863
24.5335827315
15.9195902518
6.14442244716
25.0831085679
15.3680475402
5.7453465588
24.8941302742
15.8634139634
6.36355738487
24.6946068089
15.100866307
6.25662856816
24.7354227215
15.0422141914
5.72661185882
25.7839488586
14.7810096779
3.77813258329
25.9089629117
16.7028715771
4.34287697911
25.3334126395
15.9395995387
6.09116683724
24.644589521
16.063839289
6.67052547553
24.7627318303
15.8014948997
5.21795165635
24.6488056583
16.2825232982
4.47140402086
26.4994338624
13.5646804522
5.28691115752
26.0278282515
15.6785325362
6.40253472738
26.3408388128
14.822237905
6.74304682483
28.3086275445
16.3842687461
5.26175123286
26.7116936845
17.1360229718
5.21138434454
24.9219023157
16.0137985587
6.66080815978
25.8837566214
15.0452260378
5.05758152249
25.7610567432
15.2168293801
4.25980188063
25.6629550731
16.0051039027
5.43597353852
25.7360871382
14.1154106984
4.8355369364
26.3332491175
14.5229099701
3.67016246151
27.25830122
15.0055771712
6.42414081212
25.1633227477
11.8941511008
5.97189219871
24.5766833851
15.1590971242
6.43761437929
24.3127809694
16.3495658494
5.16143167911
25.3212284794
16.628731449
4.9059936024
24.5999174397
16.5083122565
4.09593616282
25.1411806981
12.471634144
3.7925666284
26.4187957644
16.8512810001
5.54452555897
26.6367493333
17.1881462061
6.99961527674
25.5366909758
15.0899272068
5.84197190751
24.0536018985
16.95571099
5.91929881122
26.25082779
13.9372472997
5.72637386976
26.2644632663
14.7868226308
6.25174163592
24.980617071
16.9230892042
5.71995318331
25.221321539
13.8868225691
6.48238491919
25.9927506656
15.695442534
5.64373101441
24.2281871892
15.3057870472
6.2167146147
24.8577569265
15.6936174384
7.5337000038
26.6067358663
13.2755890504
5.40355256121
25.0591194191
16.0655081708
6.20963371757
24.2612886746
15.977307118
4.54162119974
27.2133971623
14.6324610683
6.33379297976
26.5194734349
16.0177667759
5.98153480586
24.7453214051
14.4407891874
5.91520933852
24.3504141562
15.8118323349
5.03184664631
23.9721863753
16.3697672097
5.53492320431
24.3923930702
13.6924593346
5.63367459748
23.6487679947
14.707899014
5.66649420683
26.5656025418
15.5684769451
5.44793917268
25.1674658259
15.3256956575
4.6044207783
26.5009015731
14.429069022
5.36024017004
24.0699511257
15.3750791849
6.60668556016
27.6793644406
14.6980871092
8.71252860085
24.7320339265
17.5494889071
7.17240857556
25.466717712
14.5633420745
4.82969963595
25.1440130975
17.6034533063
5.26776993379
24.9415411136
16.2199700078
6.41086197233
24.8373300135
17.4466493724
6.07265760389
25.5257688689
17.0253327159
6.01033375984
25.2055182431
15.8363059233
6.98619299588
25.264453915
14.8174677051
4.04108136245
23.9314170351
16.0914494249
5.47113146862
26.3706203908
14.4261974108
6.51260610745
25.7700993799
15.4655830497
4.80799067535
24.9235358994
14.7572305909
4.69199300857
26.3128360603
15.9141184333
6.57196300892
24.878589
13.8399217666
3.19197793283
26.4975653406
13.7822140884
6.37659861474
25.154214723
15.6672354694
5.2321544316
25.3727569585
14.7410371542
5.29213699993
24.5561851477
16.1931040723
5.96322599105
28.3673263342
14.425335589
5.7873442225
24.9510262302
15.2083889528
6.99729402456
27.0683405735
16.3966089961
5.19735836928
25.129316881
16.4040367922
6.1959363157
26.4925829965
15.2628221667
6.59711308119
23.4116846757
12.8151251413
6.11579876495
26.8602964228
14.7390999603
6.65759962724
24.8321513664
15.4712290824
6.28426457101
24.5202360596
14.3148947152
5.34826960826
28.1090416261
16.2769761242
5.49480104706
26.2910128888
14.1940010262
3.97358145798
24.7539537368
15.7739224592
5.61387964724
25.5157601686
15.3294297407
6.63822201359
24.3964179109
16.3207542173
6.51941425259
25.0867358953
16.1893021722
4.87957067392
25.2928752428
14.5905301763
5.78053757828
24.2242148147
15.3344770066
6.1421680874
27.5025087222
15.2439524614
5.30017966279
25.1896382894
14.1694915931
5.14772693106
25.7091458295
14.2248804709
3.63780187798
25.56139985
14.602382252
4.74380675883
26.0853682047
15.9075195552
4.4633151213
24.5607356621
15.3493184157
5.13859979796
25.9256426342
16.3892099238
5.34354301961
27.4362167737
15.0970169026
6.38682241316
26.315433601
14.0401420836
6.04141796323
26.2454443471
15.4930409518
6.13613182212
25.5666848356
16.1580862738
5.63883761068
24.1123910012
15.454249882
3.1911895278
24.4149996499
16.3584230376
6.69808449284
23.9915909391
15.7443576791
4.41708281614
27.092124165
15.2403243214
6.67970143538
25.8608524395
16.4057744301
6.94217006577
25.7537089129
15.5935515014
5.24063524914
25.8155414832
13.7259174122
4.46195380866
24.6823102747
15.8113336742
7.55196046821
26.5969903574
15.7849204555
3.10445272262
25.6441101384
15.7131209724
6.30938365034
23.8647207006
15.1424677006
5.24024963621
24.7414018839
15.1494240495
3.77687707631
24.8046267215
15.9085710341
4.8813180396
23.1306246303
16.5565872789
7.11262840901
26.4289065412
14.8461598488
5.13710831588
24.9377954315
14.6254961847
6.81866761887
27.3739491073
14.6548131587
6.38531727716
24.9640538291
15.6871119397
5.56137082617
26.2851733405
15.6647909148
6.52663082237
24.767832784
14.0274277566
6.28790301484
25.6451300507
17.2113103488
7.392940885
25.7620515601
14.8558330525
3.89608163694
24.7489865066
14.5125836907
6.23213940692
24.5758990396
16.5753255794
5.52891983828
25.700957901
15.3272777462
4.45756639604
23.7597313299
14.6927200262
5.59552075399
26.6950495363
15.3254956074
5.13227331351
24.1058881357
15.513508856
6.76978430123
27.1378637063
13.5064167242
4.2771348021
26.0438133632
16.0560518417
5.70106789909
26.3516109623
16.2040370657
5.81351533929
27.0569848113
14.971396987
5.51323705159
25.8280928177
16.0178047248
6.8630873432
24.5167863381
15.8498454978
5.7830693283
24.030134297
16.048913168
5.25731038148
25.8499088898
14.7946501759
8.13899220542
26.8356891647
13.6545548231
6.74855359669
25.1083797343
15.5882301794
7.28886519846
25.0997437299
16.7728309596
6.64782981937
26.5376567747
15.8338607457
5.41734635176
25.6074218348
14.7802633011
7.48279625782
23.7931088351
14.087839994
7.93098845264
26.3736572426
16.3852932552
4.56666176756
24.4620099548
14.8921356523
6.06153467278
24.4551384661
15.5741196985
4.87740631071
25.8139551128
14.8647629912
6.14779960439
26.8085263649
15.9404735319
4.65359716482
25.6117134838
17.0091985386
5.22604660306
26.9936958201
16.7500490372
6.78656275481
24.9480590932
13.639501799
6.94541442249
23.6173223399
17.0496680537
5.0898123966
25.8648650769
13.8749549471
5.98524064897
25.5043538332
14.4941930964
5.3265824122
24.1887852711
15.8357626563
5.99277804826
25.4657753981
16.983360024
6.42125250092
23.9594965158
16.5146566603
6.66024961269
24.7127252177
15.0074645914
4.50435085306
27.9830523571
17.2713607086
5.17927816931
25.7733460279
15.347613387
4.18515793807
24.1978797121
16.4054934498
5.63418121541
25.5448580905
14.3340805451
5.9846848374
25.434459728
16.1078653436
4.60802935699
23.5036577737
16.5619337707
6.31082928132
25.8321233244
17.5460884913
5.26876651486
26.0008212193
16.6294602207
5.72358360306
26.1566159619
14.8170611147
5.93774528831
26.1319060131
16.231591472
5.10205538628
24.4551408703
14.615658792
6.54731912289
27.2898644974
15.7132106059
5.69242817976
27.2357849026
15.0852934904
2.94660211514
25.9310693058
16.7549906779
5.06866387486
25.7584656221
12.8332521718
5.95435728382
26.7163138385
15.6181030471
5.40589819296
24.6028596103
14.71494389
4.47832143181
26.0682717545
12.8995942339
5.94299324163
24.8634040164
15.6599404312
4.67149976414
25.8703327629
15.670340053
5.97972737606
27.1657564573
16.0174271098
5.0095954061
25.6104757143
14.0405511786
6.42103842787
25.4903678959
17.1429967083
5.82597447772
25.7797120799
16.0449014219
6.27001357669
25.2585832742
15.4769997031
7.85697654774
25.6938024093
15.7901367344
5.15291625964
28.1335343395
15.3081335141
4.56888764295
26.9712296246
16.0058772802
4.26340133784
25.305522054
13.6762713232
5.24700331074
25.8067649602
17.9146854323
5.87437336787
24.5862204593
15.7962263323
5.49417397086
25.3696252554
16.1504795187
4.03126784937
26.0446131724
16.7836002284
4.4754658827
25.8986910254
16.0349530381
4.09180400877
25.3734256111
14.1582290141
5.1358162441
24.5147116312
15.8248444897
5.7585684685
25.820421982
14.8597294106
5.95058347316
25.6637624164
15.9635245933
4.75582461401
26.8789615899
17.1854241726
6.34227008176
25.9878888347
14.953330139
3.37098527432
23.4219517292
16.6440579879
6.88257106661
24.3807709422
12.9250932619
5.30944522371
26.124529512
14.1299461927
7.57940476186
25.5199871609
16.3480835438
7.22724899975
26.1043108303
15.2833087059
5.86655237402
24.6121980329
14.0368507901
5.17598285544
26.2796837794
14.7273354369
4.80497780291
26.1289097462
16.2499285451
5.65424962514
25.7324673087
15.5086173333
6.06662200671
24.6619307723
13.6991613642
6.66184853795
25.3002878083
16.9697704638
5.45830147636
26.0076210017
15.0355094491
5.5223900225
25.1757094454
16.0276961127
5.31478236538
25.1935896748
17.0211948618
6.74621420122
24.9851005884
15.9533042334
6.17714739101
25.6530398666
16.8135656097
5.96864647452
24.2774831867
13.7686517589
5.80677627423
25.523343428
14.943897426
6.0001097353
23.9193287453
14.9382296929
5.53481788411
26.1119989437
15.4473299659
5.27632613855
25.1039927169
17.566425955
4.77865843877
26.2143620477
13.2655077768
4.51054117431
25.8507976117
15.2964483284
6.69719359887
25.4927681861
16.7017683822
5.70857651111
26.6834725792
14.6326645198
5.33578379732
27.127050086
15.6544015454
3.90980728035
25.0259523314
15.5494867367
5.02987941891
27.6243497754
14.5119606406
6.56461849063
24.5659919471
16.1380616676
5.58180818959
24.136207827
14.271753424
5.19460865628
24.6088392352
16.0217181896
4.33187278836
24.1761930408
14.7084086295
5.26967317735
24.8099145575
15.4267276969
3.33785667868
26.3848461041
14.8059068671
6.72392283732
26.9496131185
16.4974121942
6.4923875953
24.3824524848
15.4987251235
4.97966122533
24.0988682308
14.6749945297
6.62181501542
25.6541783079
14.3632881645
5.54690354618
25.6606308089
14.2022254827
5.43462738715
25.8553345485
15.3235342567
7.70874543958
24.5484784304
14.9626722849
3.51146049035
26.4944583217
16.3246278292
5.31701014971
26.348191046
16.1623805187
4.9725248717
25.0617029186
14.5455020074
5.9700127514
26.0752088563
13.9129071533
5.69853347484
24.7660139478
14.8376154766
7.35450624566
26.8572123817
13.6726176824
8.05613952236
27.3987656601
16.6814403435
4.5325431726
25.0132470882
15.3899676219
4.94849564849
24.3278724695
17.9412581743
5.46098868699
25.4378416834
15.7372902773
4.87261995616
25.7435979829
14.9272777208
7.04716983228
25.5596608074
15.5417713136
7.07214219799
25.6037285755
15.5905956312
5.13661494843
26.7986497334
15.440115618
2.6013804345
25.0952014869
14.4041477693
4.73690757436
26.1466926904
14.3703201499
5.3597806407
25.2862589454
15.9361106872
5.8687105369
25.6756955755
15.482904241
3.96777404289
25.2272441597
16.2968029692
4.80364737266
27.1733356388
14.0446907234
5.80974345922
25.8930758337
16.1377804617
4.37382367368
24.0362445739
16.9158909712
4.6089545683
24.6192007897
13.8307495993
4.91361515053
24.9709482739
15.7029421329
6.15835791287
25.1755330033
16.578177584
6.45784228802
27.0410206011
15.3953879569
3.54956094548
26.7035263518
15.4990856054
3.41943580739
23.8548156802
13.4888509821
6.908714934
25.635928317
14.3766521554
4.32784228721
25.0834229176
15.1998700988
4.83305060968
25.7759461091
14.0481025269
4.27505417987
24.7459782073
16.5517784123
4.67769803426
24.3068424199
16.6182301088
3.13282994472
25.2963415243
14.425241226
5.95737294654
25.9296577961
15.2551156919
6.4561319485
26.6054174395
15.5927205536
4.65355520118
25.6207881669
16.5506850606
6.18519944129
24.0529459395
15.0269398457
5.5067682298
24.7486984371
15.2629614622
3.38257673584
24.8249611412
15.2927716452
8.1962694089
26.2153157731
14.1187442077
4.89673885536
25.3794033008
15.801856203
3.79380931052
24.9083872477
16.2770804997
4.97925090327
25.8620288664
16.4869809751
6.07606312617
24.7150259461
16.5156993504
5.7248814346
26.221070515
15.6325824323
4.44511735288
25.2551044301
15.1933477638
3.17524074178
24.8641878803
14.6062980709
6.53094238101
24.0412476311
14.8873802152
4.74685417831
25.3664952585
13.4793432747
6.8507587431
25.7110512317
17.1116456484
4.99600031217
25.0821519623
14.4683977547
4.42029751809
27.167861361
14.0042258263
3.81730899196
25.6061537275
14.7954689696
3.83421950949
24.8707315869
15.5510069127
6.6888032385
22.9293956918
16.5764746804
5.76164341407
26.4041331064
15.266151845
4.34917651783
27.4362510561
14.8657930057
4.77822489095
25.7290459507
17.0380189883
5.14664330516
26.3332448034
15.7584850103
5.81172554994
26.926434383
15.8177744946
5.8724211052
26.4026499736
14.4652439571
5.25963934025
24.8241532914
14.769911132
6.68235282186
25.7674256029
14.2031324626
5.09629597795
25.4259356748
14.8655571905
6.76997449517
26.0769138661
14.2734943385
5.05146543357
24.6558036343
14.6594394122
5.18478042581
25.0883356169
14.0069348297
5.08621316593
25.3894938393
17.3058680804
5.25371454661
25.0905033942
15.422086974
5.89644103459
25.3763031828
15.5217229881
4.94380543592
25.8287728164
16.2050453099
4.89700456246
25.0171169683
16.2742443567
6.2204972872
25.2042330287
15.8318082501
6.31185917446
25.2220039455
15.8937172783
5.41990982816
26.2825457652
17.1730722106
6.5489827731
25.6739151292
16.1774995094
5.4572403245
25.5177567572
14.4157747504
7.09093705211
26.2460353944
15.1014138908
6.68421574221
26.245690312
16.1587684398
5.2214055719
24.0060246228
17.2681165385
5.23959498681
24.9521568595
15.3814487173
5.66990749686
26.7854956432
15.440676315
4.45117569333
25.0615562819
15.7087936315
5.53923699604
25.5879661917
16.3743894189
4.49369402758
26.5694950033
15.3576245962
5.9707929475
24.1970252289
15.2997321776
5.47889750819
26.1512209999
15.5535327473
4.61593750332
25.9912929955
14.4552528823
5.85417938158
23.8046136631
14.7194781928
6.45234232373
24.8125098715
15.451181567
4.90443096822
22.8506725412
16.7133282109
6.15262523995
24.4210048918
13.9795244791
5.58126552242
24.6505507884
15.6186530093
2.11166687467
25.095330052
16.1106981872
4.38381859532
25.8631316574
15.4673662964
4.76153964738
24.9685317998
15.2506278622
4.96823042896
25.5144486553
14.405209423
6.26259286437
24.9894068532
14.7658285248
4.05172557847
26.3934298636
14.9034301151
6.72985958463
25.1598439743
15.9026255855
6.26449438296
24.6398828282
16.0272500725
5.6407814704
24.8200686827
14.5277430086
6.12036568101
27.6993452486
15.3981621489
6.30937164665
24.2078027679
15.0954152267
5.02328472239
25.4978346911
14.0862008638
4.21896149951
26.6065740322
14.9520630637
4.94771755125
25.3646167198
16.2298726297
5.68832603894
25.1953474846
15.5893944649
4.19010368661
24.9348099035
15.0550610949
5.93482110728
23.9311592105
14.8400492396
6.80778157081
24.5474230027
15.2971406905
6.46258841767
25.3810030396
14.7996903174
5.49388043521
25.1271129211
15.2891269693
4.85650126778
25.9160993292
16.0324229165
3.07219983117
25.3722237026
15.1188967724
5.80708084735
26.0226326703
14.9105389172
4.98735343379
25.6570079488
16.6000549112
4.15315634155
22.3762914744
15.972643465
6.22451218166
24.8465975602
14.2942894164
5.06662696504
26.2235060728
17.1388929613
4.26672798005
24.5044618901
15.9007610099
5.58426805614
25.2105124131
14.2021546171
4.49749804298
26.5376654439
15.2924713505
4.67043225147
26.2686306831
15.340528221
7.6811807893
23.4285766843
16.0605012228
5.77898817612
25.6467813088
16.2159474715
4.39449232914
25.8478992346
15.0422893192
7.14644686013
24.1189757339
15.1336942975
4.57451579115
25.3203087758
16.5677513277
6.99942735647
23.3630800354
16.2233797222
5.48398964112
25.0478682785
17.4562560283
5.78358174686
26.0633986643
16.8739694936
5.0578519495
24.9470258977
16.7666952542
2.73280051829
24.9869261056
15.0466032734
3.90613321652
24.784965363
15.4665296679
4.22412031201
25.9968145707
15.0579847337
3.54232003179
25.5193107823
15.8744947517
4.41335959302
25.9975430557
15.6418252864
4.04698410786
28.9487423688
14.2738088839
6.23429491112
26.8172833716
16.432004492
6.93181660461
27.3678744475
14.7372838424
5.6148968109
25.4209239568
13.4647984791
5.51281811647
26.7653357746
14.6202561709
5.63137443306
26.0499151713
15.229966736
5.95519109393
25.2171311805
16.7756652995
4.20937194411
26.1972640378
14.3479342885
5.47190678866
23.5913658212
15.0636743824
5.8548814342
27.0671905607
15.1938108858
4.45776452833
26.6026277569
16.0126610854
5.56336148505
24.7704403306
14.4741292214
5.51476576675
25.095246844
15.2206864652
6.25194923901
26.2102644898
15.1226339576
4.57231072845
26.2623944457
15.8228884684
5.34215245166
25.0410075931
15.3004431176
5.88932229642
26.7057302127
15.1535560213
7.06557270613
24.7454266726
16.3451082968
6.8246136722
24.9232456646
16.6067039349
6.20356985606
26.9595107583
15.1555291022
5.093221562
25.261265919
17.9219623873
6.3748119472
27.7450134433
14.286092552
5.57540061055
24.9699980479
14.822097523
4.34073631982
26.9476548425
14.7171534064
3.66047757409
25.3040163516
15.9095441078
7.03124818131
26.9247487833
15.5915090526
4.50065080771
24.828689777
16.7952124933
4.78621411287
26.9863169267
14.843378254
4.78179821394
25.1039588163
16.5625868559
5.76244945346
23.7554468288
15.9737324305
4.56862774331
25.3904095295
14.13919674
6.47415114072
26.8981862073
14.3457583183
4.30427283979
26.0700391157
14.7294603413
6.2848155168
25.1162284963
16.618380221
6.39360461961
25.8869601727
14.3190268164
5.75452625963
25.0153299153
14.5141980495
5.29454692764
25.1650539952
16.6813804426
4.95399080737
25.5469098638
15.8814989239
6.20177402628
27.7973861606
15.835607267
5.48371789726
24.1205504704
15.2633332667
5.91369262353
25.8064897904
14.6443260052
4.52247711898
25.9200968728
16.4691947755
4.13209459848
26.6805770877
13.240067284
4.85507938788
24.9698114595
15.0896607082
5.30292138402
25.8997698735
16.3359386824
4.65479519543
26.0727975904
16.2189056186
4.40149012853
22.5616754197
16.139854953
6.45916189669
25.8509496079
15.6470262181
4.52967918966
25.8856400187
17.6104214854
6.64913953113
26.6537209249
16.9979823719
6.46141566606
25.1936030421
14.9731759047
7.13663423051
24.5972597886
15.0847194528
4.71143278344
25.7858300611
14.4854524742
5.05564136751
26.222776289
15.2781852977
4.58981356864
23.6196650624
15.1202998935
4.06821760379
24.1745197306
15.5967267942
5.71256466571
24.3157832593
15.3018358136
5.93269218033
25.4032786697
16.6943535706
6.00079928608
24.9565885414
17.0537591871
5.13866335198
24.6156766993
16.4217422352
5.21680758558
25.3009982834
15.6035744857
6.55441873817
24.5362977033
16.3338475689
6.07600971301
28.250405158
14.5106319795
7.5829742936
23.5586162348
14.7362667784
6.81759046708
26.1607580137
15.9189895947
3.78065647383
24.6595517339
15.9933059787
4.125100255
26.6648807765
15.4674298748
4.82813179912
25.1453328839
15.8438611173
3.95408929759
27.9773061838
17.6995663807
4.43643430574
24.1158481539
13.6700466097
4.82776324001
26.4904421622
16.3022442201
7.62239014108
26.8234117959
15.4056391217
5.66737875378
24.3909435095
16.1017635526
5.58467759
26.3483969754
16.4765242554
6.16033585319
25.0105146926
15.4353184367
6.60736756632
26.2187237986
17.6840008981
5.60459719806
24.7548484866
15.3200094485
4.42022358383
25.9358319131
18.0435669508
4.60358916707
24.6507470621
13.581654252
5.90209026011
25.4662997028
14.9277478377
5.24940501421
26.0116023748
15.3118023039
5.57206258945
25.8370808292
15.4268447301
5.16072197487
23.1406639336
16.620584989
5.15964919503
24.902148745
14.8772954381
6.21043490812
25.4233628547
14.5461358964
7.34468912143
25.3614112234
14.9735032002
4.99575470959
24.6383839662
14.7430984607
4.7449855338
25.4637525108
16.8512983412
6.83292999273
25.2977038979
13.9530104813
4.95057051221
25.3326471956
15.595322157
6.38922796318
23.7055502391
15.1253941181
4.03506504393
25.9194276503
15.2190670516
4.06032354853
23.6939416448
13.6717043887
5.21271927333
25.0337836477
16.0495951197
4.36152159025
25.4672174765
14.8962028696
5.90200901023
24.9485806847
13.947434109
3.30076012054
24.4832773919
15.7882362228
5.22894718964
25.0610556358
14.2219153151
6.76899066197
26.305279357
15.2208172599
5.36838347461
26.6688136193
16.0003381497
6.9963228132
25.5864152452
14.5139082296
4.94679270098
26.1729272311
17.151152154
6.48819198302
25.6715201565
16.8334523219
3.89211296579
26.7907310728
14.4054128944
5.75736990731
25.0234552562
16.7396876242
4.70688674647
25.0240926328
15.6929563391
4.89018114612
25.5485320904
15.8061428291
5.29573115997
25.8630435647
16.7159358695
6.75604850245
24.7899582195
15.2049548611
7.00492177735
22.3770273981
16.2736983821
5.43739814193
25.6407009151
14.3943287679
6.68932913439
25.0536704203
16.5666815154
4.88425608085
25.9450975387
14.804796811
7.00415206779
24.7531877015
13.8247344609
6.22733492678
25.8393952538
16.2198338719
6.09355050646
26.7160183589
15.9955378872
4.7524587727
27.6268313237
16.9754240131
5.22723134307
25.1468601394
14.1568498137
4.37256387805
25.9211046963
14.0361099445
5.27175161283
26.1922711958
16.6052180662
5.16607728362
23.0907123486
15.1880678599
5.35960044194
22.3555739516
14.5164604577
5.95592827237
23.2837565488
16.7103105021
5.7402522353
24.5804848232
15.8783141189
4.60727450894
25.5989145985
15.8031470867
5.41036241803
24.7056869124
16.3395200819
6.3853315693
25.9190188018
16.0755605101
3.31877693568
24.8680635694
16.6350372005
4.94219474728
26.4960815773
16.1114312351
5.29089931356
25.4338507174
15.6021162269
6.43373666061
27.4575680765
14.0455101749
6.33999322149
25.333587095
14.9458664651
6.14651010993
26.09485144
15.8507773033
6.16229721378
25.8691745199
15.3138091215
4.58808729824
24.1930567078
15.8697789409
5.83503590167
24.9357566923
15.2644245728
5.47390486391
24.938481312
15.4531534143
6.26814565361
25.2968700526
14.7147704834
7.56826335006
26.6156712808
13.7584839341
5.48764956469
25.5043416064
14.8055432396
5.20276033299
26.2212785192
14.095151553
5.51610716209
26.5589746404
15.0269313909
5.32710742462
26.5238096116
15.2222528628
5.02749109929
23.1896752191
14.4134763886
5.84451011469
25.3762460094
15.8715733393
4.76569284796
27.4127017364
16.327162431
6.60034558636
25.5976450517
15.6445075068
5.7278681019
26.8519573459
14.3849231893
6.70831752325
24.8954629466
15.7037811975
5.93222924669
26.8676268163
15.7381971319
4.44593761241
24.8794338755
13.8407798977
5.95209526357
27.0630706229
14.4753247552
4.25799664569
25.5029366258
14.5597689043
4.54706143623
24.1063669316
17.0951443159
4.49284042551
24.7984674006
15.448978587
5.7682395098
25.3586439058
15.1985730276
5.21604068454
25.2149399621
15.7795955576
6.53412132292
26.3464043803
15.56931984
3.56612358352
24.3907551201
15.6551487734
3.31701730894
26.5837273116
17.2168491905
4.54649986875
27.6704794029
14.379799947
5.28151757572
25.3385312353
14.0364803622
6.05617747935
24.9169071325
15.5669719641
5.49590249415
27.032438776
14.5197636093
3.24238115936
23.5751536557
15.4773086707
5.97873212639
24.9331523496
13.8078142093
5.73396799209
24.7734579263
15.9496103365
3.49178387817
25.543808339
16.6698233846
6.71002975436
26.4794168746
16.8580293141
4.93453472661
26.7018243902
13.7388605834
7.9576339658
26.1670414165
15.0628021566
4.94630125672
25.8857151132
15.8937928083
4.61492573863
24.654777412
14.6223474382
5.14145031344
25.1797938606
13.5488984719
4.90178153924
25.872913744
14.2345186825
4.12196898855
25.3464903734
15.2442011299
7.04615634381
25.39415316
17.2524196637
7.24379193246
26.0847816891
15.2597559484
5.99499009652
24.1393812213
15.1945143029
7.10353058104
23.7921117717
15.4221803167
6.24066134488
24.8965420915
17.1082810579
5.33636456771
24.7756449674
16.3199955604
6.40837406024
23.9236985101
16.0979358758
4.65192236551
23.1284361052
14.0122120904
3.20747750827
25.5237791701
16.002131097
4.99854843723
23.9827360818
16.4010438445
6.72182280708
26.8444551273
14.8818724125
6.54950081155
24.075495284
17.1438824285
6.10947084304
25.1062132463
15.3083303891
4.66145791024
23.9692115082
13.4130754552
5.39121703705
25.018918654
14.901330497
4.73040999748
27.5896522772
15.4338655362
3.82221023295
25.6373934525
13.9943101647
6.49647888905
25.2440390973
16.6375478387
6.26713378148
25.213617977
15.7902536938
6.3469253973
26.8901821216
15.1780217112
6.20468671653
24.9106337297
15.4617642793
6.40423856026
26.5730419013
14.9285528523
5.64380115045
24.7848365252
16.1356282899
7.1594878645
25.3820756562
15.554594782
5.58931563022
24.8938609642
15.4077622681
4.097765796
25.8796850393
16.6132317787
5.55770406272
26.9245281901
15.7147791552
4.3391600361
26.7011223618
18.2038389486
6.31145319619
24.7403845608
15.1273667099
5.08225172031
23.5604586574
14.4630554028
6.58442613607
24.8589257203
13.5322447643
5.02659629195
24.2695186543
15.7961204105
3.71593242992
27.1401912377
15.1903071981
3.25987686081
26.6966997781
16.1935977513
5.67043276835
24.5063970135
15.3489078038
6.43509417163
25.6768454613
15.0759706389
5.73797420947
23.909733995
15.90846673
6.17544407101
26.061609239
15.009406178
4.03754024614
27.3642546218
16.7493069454
5.67944587605
24.4015843651
14.9511769382
6.24500889576
25.8073944021
14.6871441978
6.08197228666
25.4777258577
14.1640571445
6.56407313631
24.088519212
16.2080180256
6.38855447938
24.8931349072
16.8846910684
7.34388461585
25.9668374818
15.9599737534
4.68921703081
25.8781139938
16.4172194021
2.97236072119
26.4829810684
15.8944554551
5.68096799637
25.8976945099
15.3572808225
6.7848707937
26.5619134718
15.1268547197
5.394524121
25.0867175906
18.236471289
5.51232309726
24.7402989318
15.0407912715
4.34465172013
24.7018687513
15.0458228125
6.09631787188
26.1350634522
16.9469269457
6.84336092508
24.9774565679
14.5811279534
7.2965850022
23.2028334927
16.8680729892
4.77109856293
25.489681819
17.4260568499
4.31816036409
25.0463810655
14.7091756698
6.36335634009
24.3594684929
13.4461027937
4.81090532547
24.9916302853
16.0557675521
4.78020602893
24.0031806689
15.3050429953
6.3252790491
26.9917319852
15.9577462223
4.40638245593
26.7664876191
14.8482607135
4.79841383865
22.7575013388
16.1967575503
4.40911298584
26.3933741721
16.5530652974
5.72835213289
25.3814789222
14.6030858858
6.10702535408
25.5736226999
15.3185277373
5.87143547534
25.7311778062
13.9649345685
4.93006451369
25.2114304287
14.8695871409
4.42491774303
24.8053305385
14.6971237706
4.18549156159
25.1181489468
15.0166505635
6.16555022383
26.6766657157
16.8728407133
6.34801489911
25.8412666274
16.3988069239
5.94313695855
28.0281644016
14.7364431476
5.28699307455
26.9845007215
15.1474759636
4.54549311004
24.8672921317
15.9982516118
5.75551211551
25.350653537
16.5635405801
7.0993123359
26.6455411048
16.8942222596
4.46824493272
24.4216969635
15.9975194812
6.11677962803
24.2024977206
15.9362597085
7.01502039699
24.9228602193
16.3453825248
5.88336654122
27.4230680241
14.287212453
4.17265374949
25.6997289002
16.4592329553
5.29386527688
26.3304735202
16.5076279331
5.06168183135
24.8474222348
16.348930662
7.95612668164
26.1729514736
15.2236840399
6.05074280178
24.4624112586
15.401728905
4.87086353825
26.0961740134
14.5653487283
3.42136937467
24.6151587541
16.6070027454
5.5821399443
26.4369500224
16.253547922
4.21419229608
24.1947936667
17.1851348211
7.21906331099
25.2742198138
15.4258894411
5.50960036049
25.4697104848
15.2052452895
5.61926577446
24.8128939904
14.8812157185
5.8665118566
26.0833391658
16.605749854
3.87861848716
24.1612754667
15.1587758701
5.30680436034
25.5700972744
16.5951112314
5.39195503992
25.9968270871
14.5718158287
5.9342330014
25.9362092288
14.6924074618
5.29263971448
23.9632369417
14.3401406095
3.06492772373
25.3352388557
16.6789242854
6.05177103843
24.1807514649
15.6458598306
3.36546379179
27.0288101638
15.2606199764
6.50588247151
25.2932605457
15.1648929697
6.90907895793
23.752924272
15.372761551
6.77948443315
27.8429515132
15.1526521305
6.84500483905
24.7270681634
14.4544908771
4.78944763199
25.6706821821
14.9881147476
4.97492479532
24.67357634
17.8789733099
5.61593298662
27.5515514588
14.2259337305
5.78106691565
26.5213254837
14.7662505237
5.55904952913
25.6196773978
16.2065757408
7.27405499911
25.7591953405
14.8291647796
5.10580662983
26.9209503409
15.3873660307
5.99264963495
23.0061765944
15.2004725403
6.66190995795
25.9175377768
16.3423454381
6.42491158366
25.5522911934
14.8974669827
4.7199674658
25.5133737866
16.5104859774
5.21256712499
26.0611554571
14.8481027732
6.29024437322
24.7967778975
14.8609120801
5.20672664533
24.7742887419
17.1376094967
5.34728096494
24.9907243536
16.4228114184
4.96473510612
24.5940191967
16.4361234612
4.75077807781
24.5323405285
16.1819076441
3.77492230829
22.7307743584
15.0181186064
7.2503672202
25.1829135488
15.904772484
5.60425940949
25.4687084469
15.9905657489
3.10503130857
25.9376928348
16.0202783211
6.42436613459
25.4373364029
15.1547358911
5.64667124599
24.7610092062
14.5665448471
4.86490132403
25.3019781108
14.9757175417
3.84163186515
23.7427425548
14.7502560536
7.67920531847
25.4764049066
14.387862775
6.46186641058
25.8009019479
14.3769903465
6.7815439053
28.4650861691
14.6233120148
4.51285924706
24.2728591717
15.2332212346
5.95128614539
26.6739477792
15.5968393954
4.97652876409
26.1154543431
16.0614326473
7.52935774851
25.9632240117
14.2907264054
5.52033291472
23.8103808701
15.949887776
7.0659699871
23.3130927544
16.9555907738
4.95862459649
25.2226153595
17.0170898874
4.18387886732
24.1818955684
15.8573640607
7.42069789988
26.9023999976
16.1822677322
5.17375059498
24.9007996722
17.4820640081
4.0690823478
26.3813077707
15.6718251336
6.86533060263
25.157079881
15.9640615667
6.03237322347
23.8778703014
15.6901370102
5.5274393699
25.9011812997
16.2772390958
5.71980565025
26.4560941398
12.1493327713
3.27214208772
25.6265697266
13.8606445881
4.98993139292
26.6552715842
17.3925730913
4.16634644347
26.0847370462
14.4981675524
6.63679560252
25.9095148752
15.939953636
3.43606226813
25.174760692
15.5578533276
6.4357825945
24.4053631188
13.5481708481
5.97885116165
23.9149297324
16.0311201408
3.63386705039
26.4054555271
15.3368084726
6.18954395996
25.6187775064
14.6761256597
6.65522406082
25.4869272594
17.3635339858
5.85348387228
26.6001885734
15.6798101391
4.53561085925
23.9588442296
15.5909482761
7.15733564205
26.1626753573
15.1043695082
6.06275021686
24.4821766592
15.7651471839
4.1759654827
26.1913703933
17.5964274865
7.02857203466
26.7940860803
16.5159685809
6.73559296905
24.4374015939
14.4522219034
6.67112196451
25.7317598884
15.4020137992
6.49089449014
26.8010532486
17.4418371948
4.60850985121
26.6928060296
15.5705119467
5.21448046482
23.6846736508
17.8500688211
5.31597845984
23.8688598982
15.7902867501
4.90471950608
25.1241408877
16.1329212084
6.2322823188
23.6833360731
14.0389206953
4.78322464616
25.3887626653
15.7026662317
6.17261007542
24.7947608224
16.3409989816
5.64891525849
25.721804223
16.4862170583
5.44636611301
25.5202470741
15.0891459338
6.04892477193
25.6348529175
14.589686521
5.2104027893
25.7652001651
13.8681766594
5.56301760483
24.1978718195
16.348081764
6.67828344771
26.3250538024
14.2685145673
6.07985792143
24.7283537349
15.3545604912
6.31159701829
26.3867306488
13.4202445724
7.30215310182
26.160641799
15.7206164459
4.88325843008
24.8936617139
14.9806505829
7.15574545368
25.9102329489
15.0288080876
6.6006125076
25.9362682013
15.9777385324
4.42674350585
25.7881411009
15.1422315695
4.83903755734
25.1093944505
15.820062245
6.68657314403
25.8041664263
15.7129788215
5.84006157418
24.7965742661
14.3799728042
6.74179534333
26.2374323533
13.1862653084
3.99659782174
26.9597855456
15.51448603
4.96230048706
25.3825110227
15.6683139313
7.94762266284
25.6549735129
15.2637324559
4.96667216339
25.6444675731
14.6661406502
5.6952771369
24.5029509371
15.0748884703
5.52122571172
26.2961555859
17.3329695272
6.10204760841
25.4967629
14.2018766217
5.82246029904
26.5853888039
16.6411079241
5.38295740907
25.4438835122
15.1156570228
5.54729131043
27.0244756867
16.0872973011
6.40144269187
24.2851157399
15.3884140494
7.0802615007
23.8940082735
14.360681878
5.62990355923
25.4029801331
16.4400207653
7.01087373708
25.9801005157
15.7021623824
5.78398862492
25.3241846149
14.2045721215
6.95889732605
24.9468268614
16.7613276534
6.62771798368
25.7946317616
16.311656879
6.77308916277
24.7813997844
16.0465290392
5.65164989982
25.6242815351
16.0087211021
6.79680919518
24.9568230339
13.5818244463
6.22428730759
25.3453561576
15.1675677804
5.7497236053
25.5487456728
17.0995203151
5.49841719084
25.8724906296
14.8345465862
6.49897740121
25.9401957774
16.2352231709
7.64570061565
25.4947383587
14.1741550441
3.78659728255
24.6747870532
16.9162188445
4.40227523159
26.009733954
14.6717120424
5.27021512013
25.3403767564
16.8007322039
4.78470644701
26.8061380013
15.1982792101
5.73149491598
25.763083237
15.0233812036
3.45614409168
25.4427005847
13.5768025111
5.72381043205
25.7621982488
16.3275056187
5.39510000453
23.7609459768
15.6572767849
3.41832032778
25.5447270888
15.4124740015
4.136722164
26.2494972046
15.4952853271
4.34403225806
24.7605747686
15.6288285489
7.26619425873
26.0367421072
16.4327620714
5.69529562297
25.4522887804
15.4651612705
5.08594534941
25.6419690362
14.9988173516
5.44230094691
24.3372699144
14.4662877489
6.13916072107
24.7661774313
15.00266962
5.23837211446
25.2909593593
15.5561570464
5.62940642735
26.5615165271
14.0636701344
5.00753771876
26.4137322176
14.8781672506
5.70211688123
24.9851554471
13.9200689604
5.37652168425
26.9619471884
14.711328985
5.27927216153
25.1475044785
14.9126702995
6.26984662494
25.4307151037
16.4928621455
6.67477062824
24.4300094683
15.6968694413
3.64820940471
24.4425410444
14.6387454108
5.82998334759
25.8852836479
15.5000710183
4.79571204674
24.7707873956
12.652194095
6.92646019984
26.2443308976
17.5926221387
5.62157519292
25.5610751922
15.6358510101
5.26387328286
25.6988541212
16.40697537
6.20665352406
27.657022642
14.7067958203
6.26429220556
25.9509283189
15.071302306
5.34945178851
24.8316127009
16.2714328928
6.00742593815
25.264819637
13.0665825904
5.0932342944
23.6673142497
13.6210160386
5.06679867076
25.7576325112
14.28829153
5.29582012833
26.819291965
15.1910651528
7.2969412475
25.2273188963
17.4323352544
4.45229366076
23.6661402471
15.3403723801
4.37794501601
26.0524613598
15.1658322195
6.61368940682
25.4752574918
16.7504966711
5.62762253741
26.8845989916
15.9957354911
4.8447642925
23.6351823909
16.5366415816
6.33089447798
24.300900021
14.6845084683
4.72439879354
26.7305681224
14.7055098256
6.23875681154
23.3658728913
14.5191105141
6.38072147998
25.4899113666
14.9390822292
7.09367324437
26.3308452241
15.7986201754
6.44639506669
26.060045932
13.6642005415
3.94535101401
23.6714701726
15.8980918664
4.55493373193
25.1736160109
15.5281746282
5.35864142422
24.9966379291
15.7120845621
5.99310926687
26.3192240421
15.742178145
6.30968311672
23.4673802257
14.6210776162
5.58726977856
25.1983678533
16.3620702135
4.13803855102
26.7338088953
16.9356275254
5.96287299183
24.8466051627
15.0456294582
5.03300826039
25.0507523213
14.6122783306
5.4568746661
24.1530004337
16.0706963759
5.57525416749
27.4163208118
14.6000388993
6.57688759108
25.3594366173
15.3590762682
6.02149103459
25.739563257
15.8792412123
5.87328726826
25.039669017
13.150610189
5.00986248221
24.7967926971
15.0994845976
6.85750507108
25.5606050352
14.9027874645
5.64202211907
24.9763705473
15.7075548904
5.9660058197
24.8184647985
16.7285838554
5.17060786847
26.0497674482
14.2757502327
4.5745333263
26.429286422
16.2961839138
4.6782413225
24.4380490332
15.5239172272
5.92952348102
25.2782137265
16.8748953176
5.36171035791
25.7922806112
12.0495801436
4.99002476562
25.2512386652
14.320503963
5.25451902105
24.5724364472
16.0942366431
4.40767304998
26.3457233847
16.3546733466
7.22432133203
25.2064944587
16.2235024245
4.8012466771
23.7061417818
16.4668085013
5.79073433833
24.6901305879
15.9900829222
6.61082912393
26.1694738988
14.3814395541
4.40260725388
23.1401550529
15.1423939102
6.26121302589
26.6821477415
14.1194698314
6.45752901455
26.8952004221
15.5010604752
5.67130744027
25.661374812
16.6096975732
4.81454556643
24.5370447824
15.5253305432
5.71193764811
24.0853567022
13.6759014252
4.51109209461
23.6408283871
15.6557760198
5.74520745933
24.9974915547
15.2837789771
4.38544091602
26.0325614705
15.8934101938
6.069714043
24.290134505
13.3263464029
6.18001123974
24.5057012899
14.8936088313
5.43268117805
24.5264694284
14.1072049653
5.81099152303
26.2334941503
15.7589035515
4.6270377929
26.738989332
14.7418685605
6.04518316618
26.314545907
16.7198461151
6.7812591474
26.5744260385
16.2738868263
4.87449443743
25.3138147664
13.6756225258
4.90196296873
24.3001926419
15.5257593937
5.89733312207
24.4508481085
15.631790921
4.69791838626
25.3776852638
15.7503075143
4.66554696062
25.9517614164
17.3288050341
4.37915694993
24.5263389761
15.1949349719
5.85956382317
26.0914605902
15.9945251765
6.22418310041
27.8048974459
16.4073250894
4.34474532898
27.2321299369
14.45960987
4.02305689313
27.1027518261
15.6508635839
7.91765797055
25.3821083034
14.8758521165
6.82895781118
25.0553915929
13.983410242
5.82808946296
26.2022141681
16.0546057453
6.52500264638
24.5418578689
15.512155048
6.17411050835
26.6143005305
14.0009926274
4.9555590934
25.72966601
13.7681036604
6.67552529186
25.6122080015
17.5253680854
6.05060450964
25.4126566431
15.9823013486
5.92737635313
24.9805963341
15.3146188122
6.55813975763
25.4174627818
14.4023236102
6.49239959853
24.6530932948
15.0290615349
4.5602389139
26.1341188166
14.2019338862
5.14837989332
26.5306096483
16.7167095541
7.38395987336
24.6978140481
15.2736683808
4.6959125898
24.5807114217
15.8693243728
4.7757485777
26.0534074429
14.5470370051
5.45212316803
23.9148754007
14.6467416265
4.08321897984
27.2428432275
15.342217556
4.62306840138
26.8976607379
16.0698633938
5.78424115629
24.6052129393
16.8797646858
4.65677531258
24.9798656475
14.5219269433
4.82075576164
25.8282347451
15.2708321965
6.04500954069
26.0821942067
14.7818265787
5.15092209983
24.3197682771
15.6350779751
5.07999787226
25.1416662556
15.5964178521
3.97790045736
26.5958453294
14.7112630158
5.74951348566
24.1300684469
15.0526579962
3.70672959969
25.4629387743
16.2127693378
5.48980211514
25.4108815729
17.4054665306
4.07481495752
25.4114406898
15.8895619213
4.78397707797
26.2685198419
14.4960781113
5.90663720831
25.5432908881
16.0120670967
5.91875890312
26.8154645143
14.8903353091
5.24281880845
25.099386698
16.021143232
5.4206409809
23.5233803311
13.1910380793
5.84149945151
25.4417122835
16.0787543089
5.28089692608
27.2915775625
16.5118100468
4.49622706347
25.4279437856
15.107109437
4.93645157044
24.7897257487
16.5380586106
5.81557930846
24.1008271983
15.4245363894
5.2862840381
24.7402582397
14.6457622413
4.84589440078
25.5881343114
16.7572228451
5.05587018396
26.6518014205
16.8805100973
8.13437966651
26.641903257
16.706227549
4.2783559998
25.862010484
13.7940825921
4.61998562105
24.7129930412
15.6666083886
6.40598203833
25.7488554337
14.8008082471
5.14096753848
25.7435861966
15.4611415178
4.77536333538
25.3252722064
15.7694007504
5.33376496883
24.1336077417
15.4912267279
6.96521116512
26.3428900965
15.8796848383
3.58288346401
24.2236714158
12.9562990003
3.70079245681
25.2386968527
15.3678795208
6.43972904513
25.0113187531
16.4237242854
3.9219486782
24.9872783478
15.8222495328
6.65203481473
25.0189956635
15.0970359122
7.75742619641
26.0291786792
14.9534758244
4.5986062456
24.0357938294
15.0238700212
6.13534102718
24.820931704
15.6969569121
7.34953551103
24.8865535794
16.0531331122
3.21639239823
26.0543905087
15.4714693463
4.36890170868
24.8602976145
13.4540655607
4.41677758381
26.4489253723
14.0510738278
4.38318011445
24.8088105396
14.5738298241
7.13340468127
23.8625511429
16.0363551641
6.78973599684
23.2022885864
13.8985413296
4.54659248449
25.7011963929
15.6678413068
7.10222426263
25.4157269456
15.2234589684
4.34652747342
26.7908757689
15.5729537595
4.54081464085
25.1480653746
14.6413140583
6.19490769276
25.4675446173
15.7308075485
5.7195052647
25.7241376003
16.2381842398
4.92971916649
26.5011201933
14.214965936
4.82518414879
24.9447800585
15.6866691383
4.57807783504
25.2792471522
16.1272474132
4.97449499031
25.0071973567
14.7772591579
6.78348223683
24.8240457451
15.8551828565
5.06554580435
25.3770205651
16.7483073793
6.5050716441
25.3546790076
14.6045645209
5.05600916292
25.0060812727
14.6838244622
3.88861324317
26.7418697202
15.9703070051
5.01801159423
25.0273964593
15.7445701161
6.86861226281
25.6038781982
16.7980763412
4.31240772301
26.0877712016
16.1508117752
6.18391773548
25.8561394729
15.0321188565
6.31381605147
24.3075618264
14.9846179991
8.07305696237
25.8739814493
16.0000839511
5.65046439984
25.6090496165
14.0800400915
5.91383383854
26.5654144535
13.8080298601
5.25763513186
25.7314420164
15.3440146732
3.88491336186
23.4855287232
16.4706301771
4.40318097063
27.5552453409
16.5788094454
6.83964432941
27.2289835934
15.1943160683
6.90838074773
26.7383134311
15.8737938566
7.47569642731
25.3942962816
14.4507624597
6.33152826887
25.3665604114
15.4737986521
5.72420544736
25.9610917849
13.1770253601
6.91979367257
26.2101847546
16.2602033914
5.75020363699
27.4348035076
15.2509960352
5.70264110763
25.597182561
16.3272644359
6.51729866026
25.0501113033
14.6538904991
4.60770615062
25.4564917429
16.0233134985
4.96022893927
25.7264739067
15.8781862522
5.41859793758
25.9999024514
15.9323636706
4.77701768965
24.1391578199
15.8444855463
4.18536359608
27.0370919585
17.0579860783
5.11399905206
26.497814434
15.6229251502
5.98409023047
25.6964264061
15.8881096387
7.00354218026
25.9834419232
15.2923744587
5.01741705458
25.110177999
17.1928147909
5.95843003299
26.1847500973
15.3084849878
5.75961943165
25.7617058785
16.5153022438
7.14328396328
26.7191533902
16.5809950802
5.39167899762
25.242205065
15.8869760458
5.48919137135
27.9044561896
16.2017376401
4.54034474888
24.7951879314
18.0268380272
6.05994065731
24.7148289806
16.2824598584
4.92495377893
25.3357711158
15.5341788543
5.00349274289
25.6803356786
16.5482337387
5.62471782433
25.0639604294
14.1697583221
6.78519580917
25.7406467144
15.1744319522
7.41993035793
26.0226679684
14.3629686799
6.04383155511
25.8508899406
15.9705215279
4.72977395804
25.4733913264
16.2424099115
6.84221649891
23.2657979862
15.1911728672
6.56213267044
27.0296489947
15.9545873247
4.02424573088
23.0320693377
14.4675791626
4.57834310509
24.9177533193
14.9743666715
4.39659724901
25.422631089
14.8760391579
6.15822047054
25.2563202467
14.2496852501
5.6620254385
25.8199719942
14.9481554174
5.68675837046
26.0076803284
14.7823266017
5.38679226776
26.3542041701
13.6451964367
5.34860691541
24.9891829745
16.1092040677
5.28041484395
27.858025063
14.7176438021
6.06257837113
26.6307028829
16.7923822955
5.68165174667
26.5549158613
15.4971773909
6.29196145661
25.3607651273
15.4410730061
4.55369651667
24.5336443112
14.5503555523
5.46680831739
26.4397870006
15.9290216815
7.1391021255
26.8355907069
15.3743609388
5.9517671261
25.5395145218
16.409574252
4.95219928601
24.6112521343
15.560925672
3.7710955872
24.515553445
13.5717076584
4.83640131194
25.359173091
14.9619181628
4.44417603532
25.195073364
14.9674733215
6.58170079824
23.2128376338
14.9597031858
4.51875201801
26.7909450698
14.7989002365
7.17431391812
25.5686824123
16.5851588306
6.24645156472
25.6139588383
16.5229229845
4.0030526454
27.1588839281
14.873535172
6.30964762027
24.3697044272
14.536549604
4.8650503384
24.6094527903
16.0327778538
5.46812622653
25.0097480319
16.044371791
5.9061578167
24.3611716509
15.344140482
5.10628908087
26.6379816143
16.9143594101
7.04036342846
24.3967949809
15.3251670244
4.40610432518
26.2033698462
13.7358780665
5.05618008312
24.8736588446
15.4461452418
5.10853446372
24.6448451068
15.3739494654
4.95876029506
23.7866492109
17.0227881742
3.21052207307
25.0337931453
16.5329319376
5.14959378902
26.2481998006
16.7421813266
5.27818039944
25.3275988083
14.2026899937
4.73116615635
27.134062532
15.489790371
6.72627110012
25.9321888188
15.3899136974
5.50969134389
28.4585034106
15.766085573
6.74010109471
26.7779353182
15.7326846185
5.08493527339
26.2616222365
15.3730502265
7.47544265049
27.1500109443
16.3967478834
6.22942149686
26.0492097725
14.5991656097
4.15852397924
27.122302676
16.7810141404
5.61057429018
26.9842013187
14.9002206565
6.90212677498
26.1327332052
15.7167271355
6.8938177602
24.770638517
15.586879644
6.07111098064
25.089449593
15.0028348036
3.31609454917
24.3980483413
16.5421231237
4.37881115362
26.3379763843
16.5588313612
5.3138506323
24.639126468
14.3109675226
6.7531763096
25.824292512
15.3992034973
6.78512425054
26.5871394359
15.0122297204
5.91644298288
24.358933024
15.2598287453
3.74811048934
24.5106791413
15.3451098337
3.47427945202
23.887479078
14.9063812071
3.96439507021
23.7065355858
14.1091747266
6.93864773291
26.0256073368
17.1480722463
4.68961729021
26.1116551385
15.1002121432
3.82299738916
25.3689848489
14.2760316575
6.02279279939
25.1326686096
13.7797299292
7.48958117158
25.4034706368
14.131434514
4.13019246773
25.0146508099
14.7518780304
4.46501276479
25.4685824523
14.408492612
4.73955003966
23.8144866518
15.0143396739
6.08696569665
25.0509897478
16.4699215367
5.6916457819
25.411198181
14.4773756155
4.64719726593
24.6041692715
16.384228626
5.24798406089
24.7173374109
14.8491642829
5.24958484306
23.840024425
14.0072345668
6.23292324662
25.7796920308
15.285513275
5.3127865913
25.7227389979
14.9417111162
5.82147740532
23.8972060819
16.8213749763
7.28346443553
28.2756905408
15.6180066726
5.9611858905
25.7730984436
16.7539199179
7.18534849598
24.3246058709
15.1256394616
5.7318049115
25.5657122533
15.4649423096
5.11812570619
25.1062952228
15.2124899501
4.43711053309
24.6857326885
16.9519060988
5.41068111987
25.0942856262
13.8326299349
6.48044369859
25.440014056
16.0969548486
4.19855257416
27.9323190151
16.0615229654
3.96310571146
22.8626779477
17.788360011
4.33605913418
27.230672421
17.091247673
3.47499620356
25.0296952869
16.5329628924
5.34771437755
26.7588382707
15.1393620505
5.85606938745
25.8268159504
15.8254991695
5.9280485134
24.9049614313
15.2797531868
6.0508774443
26.329116405
14.7373538
4.94872524783
25.5290675909
14.577930324
5.69671767855
26.1146108607
15.5167137565
5.89396175756
25.579950797
15.9198832199
7.11390552551
25.3249383307
14.7910449783
6.09019583594
24.0533341956
14.0845376284
5.20034178963
25.1140446518
13.6882390807
4.75226330151
24.8909504968
15.2231587646
5.848826531
25.3068595783
16.5917025222
6.33923132335
26.8502851156
14.1313872206
5.01826552116
25.6137087362
15.1451677418
6.04594410249
24.3761369137
14.1230526876
5.12579067787
26.0172169141
15.8318352794
5.50767493898
24.1955194766
15.9248844435
5.95000693111
25.7345737267
15.1213095039
6.49356959144
25.6269039572
14.7340358272
4.46436139826
23.8702890639
15.0495291911
4.32621219307
25.8174516896
15.2631215216
5.34599290645
26.4259937931
15.3883774249
5.49682229822
24.1160135642
14.0806721328
6.88597735857
25.3160399064
16.8702537441
4.95661957832
25.4405948111
15.0918256812
4.43772201721
26.9356312922
15.5326452415
5.02735475235
23.344047689
16.8394303696
5.25060005489
23.7301760127
17.6093499688
6.39452088254
24.1015783912
15.2988170905
6.66237097783
22.8299497999
15.3519774437
4.9305479502
25.7166258697
16.1824322216
5.7253840827
26.512527956
15.5010772441
3.50343584496
24.4437505748
15.5656087478
6.04087608528
26.2510834586
14.6784017998
4.91596637836
25.8883614762
16.4514314519
5.94030590028
24.8555458096
14.3786805596
5.73388506419
25.3290112147
15.3150176688
5.75040642511
25.0401455647
15.3318509102
5.28763262417
24.0267943662
16.4351428841
5.21203524416
26.8775215555
14.8366284839
4.82367363965
24.7031442217
15.8014839454
6.19882833021
24.5924908745
16.6252034453
3.46701666981
26.2802186511
14.6573684931
5.25608491135
24.9038652761
16.2593150775
7.27248068265
25.7235383181
14.702245011
4.42874320474
25.9256733401
15.3650155189
6.92593412713
24.1420400877
15.3411587772
4.34670348096
27.5609512381
15.5357805913
4.58306342493
25.6915070466
16.428220869
5.00447110705
24.9070123811
15.4176417113
4.96893048207
25.8351337896
15.9921295619
4.66487590809
24.7611146568
15.1002207429
5.8357560687
25.4255863563
15.2659241164
4.30821859839
26.0979552677
15.9863327207
7.17172828368
26.3544896677
16.5627917323
5.51331927261
25.9175148771
17.127060905
5.79959383273
24.97469569
14.3513651918
5.61098668859
25.9971884793
16.4937386908
4.62890925269
25.1517404571
16.1819560543
6.59552654289
24.891060026
15.1244477044
7.29355509549
26.0141078585
15.868324106
4.83850263208
24.3474794678
14.0963759098
5.92301977045
25.5954671529
15.2411599605
4.57508692676
26.3124473202
15.5752648654
4.4434504161
26.233937459
15.4703132945
5.00198481671
25.9550082814
16.741648441
4.88832029012
25.3658032478
14.8881913862
7.1370791597
25.2349111313
17.1138665514
4.31795388866
23.8538626951
17.5090471649
6.78527866321
27.3530249099
14.8022869192
5.5033267809
26.1178360256
14.8692421225
4.29303901075
24.2723757808
13.98811779
5.31116503248
25.1974390645
15.2650259115
4.650067848
24.8940028271
16.1199608199
6.09177914929
25.8863909902
15.5610825707
5.00247203703
22.9993284995
15.5571967978
5.75801290918
26.7388837305
15.7270906432
5.74169512173
26.0931152444
16.2525844991
5.4941777799
25.8926256726
14.8680319476
5.18433765708
25.6705188499
15.9310581625
6.30509071907
24.7317123437
15.745060968
3.90653336661
25.1192854135
14.9130411881
6.75217994477
25.2842951814
15.0431730546
5.9072625624
26.0425758904
15.8453483193
4.7418826921
25.9321162932
15.9618886064
5.07385526689
25.5163052396
16.3391436338
4.48475641033
25.669080332
13.6717173967
6.76674700784
27.0686218757
15.713268205
4.66436454432
25.3404814226
14.295720633
5.43622334165
25.348002809
14.9648453687
4.98063917392
24.2580416853
16.6280183483
4.87785412156
25.5446177608
12.6829688621
3.51905861155
24.0728340531
15.8051854589
4.45367980829
24.6900733207
14.9551600576
4.14207694791
25.1675165944
16.1328113404
5.74442862075
26.2902258692
15.6568395017
6.42458639503
25.2569014395
15.10879175
5.63695224625
27.2490538914
15.0728397687
6.53015597873
26.8427452497
14.1869685404
6.88791997973
25.9839231591
16.7350879119
5.94704368809
24.4772488408
14.3542516637
5.68444621504
24.217372694
16.6748854612
4.49671636791
25.5087279441
15.9347633309
7.75453509302
25.3296816432
15.0297583947
5.66204487817
26.2100383373
15.8606946382
5.64722065028
25.8263366367
15.9023640093
5.08989993736
25.8174007241
15.37616019
4.36975217887
24.4245165075
15.2022459827
5.37935970913
24.9945590359
13.4863037959
5.23831802161
25.4182104538
15.5956445484
6.07299556754
25.2402306293
16.7712087617
6.94365670776
24.3792985832
14.6091713381
6.4840429566
27.8112243482
14.8227153428
5.99126917139
24.6173214755
15.9217935269
5.28290528819
24.8673727677
14.8036599695
6.40385080948
27.3506797024
16.2932674716
5.70306377052
25.787372001
15.9865718785
5.93155166851
27.7509462311
16.1496426976
6.76890231066
25.2583489187
16.4134004433
4.77188450268
26.7714596761
16.9271613165
4.69933848347
27.7835099723
14.4646758977
6.99190265353
25.4884719008
14.2553641051
6.58130858821
25.9350057393
15.0878505197
4.49173475386
25.3583595323
15.8694033489
5.17004748871
26.7911805087
13.2393427099
6.71019859577
25.910667136
15.4123181624
4.14252981967
24.46384424
14.7817325853
6.48692992007
23.0399436868
13.9104116078
5.91359243945
26.3504088349
14.2338737796
5.4078659755
24.8716281215
16.1749151462
6.16455019548
26.6276641079
14.2854805744
6.66306355217
23.2575429853
15.5824194884
4.85582222254
27.346281441
14.9485375704
5.78718214968
26.6967249926
14.7205956437
6.17068171213
26.0646817641
13.682820369
4.34746487574
26.0345168931
16.0157462797
5.55397450085
26.6307960932
15.1386942803
6.43713605565
24.26283491
16.5624971657
6.11521672234
25.7273467475
15.2985093393
6.97158826501
25.4651869065
14.4595100456
6.96226374444
25.5109487891
14.7929844111
5.66070783593
23.6456653163
15.4029699487
5.30634727832
26.3850361195
15.5798633112
6.41089117276
26.3030016544
15.4298501008
3.06397555483
25.2886406711
15.4042075531
5.58172495816
25.4022034927
16.9463740907
5.6631467852
25.7535790147
15.3904808942
3.58425436629
24.8811170471
17.1774321025
7.38153022529
26.2604275269
16.8367407217
5.67320843941
24.3195517851
14.7256148304
6.70304347425
23.9873462258
14.9079755576
6.11638188389
23.6071812463
15.8786281399
6.77319324386
23.416288663
15.9410286799
5.26234180305
25.3433013018
15.1680242144
7.05361959326
26.7314633811
16.3074993439
5.23081633836
24.6491806089
15.6841910644
3.65747010909
24.5676726771
15.5093537927
6.03518643529
25.0747708147
13.4140844145
4.20516789502
27.3475320829
14.5016444356
6.10139169361
26.5563443466
13.9746004997
6.53585003973
26.0798247764
15.9928058718
5.45839645265
25.1563345944
15.9561162155
4.38901020196
23.6405049292
14.6235906892
6.02730414892
25.0083959397
15.0271764615
5.8880411505
26.7619334082
15.3478151373
7.14888106537
24.6586752688
15.0625657668
4.72737376002
25.8811339189
15.4223201124
6.47978202262
25.9987285138
13.4202851289
6.37607672638
26.4239423889
16.4783831728
6.44347298917
27.1254152075
17.1411766542
4.1276002456
24.990000309
16.902425643
4.77677908775
26.8738156502
16.5973921894
6.35303273325
25.0981349813
15.3485537976
4.63481485683
26.5832732816
15.6512271873
6.37605430686
25.2545425999
15.8749850923
5.57162262331
24.353803735
16.0646275618
3.85334663844
25.7542769833
15.3448562864
6.01755199714
24.8321010262
15.6060658672
4.74770479989
26.1275444488
13.4645110049
5.94161159609
23.21768272
13.8160531421
6.49626672751
25.9952714994
15.3813133103
5.75354446585
23.5279568135
14.1608566139
5.08278778888
23.5956410258
16.3438437602
5.01078791723
25.3923376133
15.966201396
6.21205069278
26.6335079896
13.6413373068
5.9064462575
25.569633855
18.6390548489
5.29167389264
25.2701582097
14.4786080566
6.27896041458
26.7971223027
15.8667840183
5.40631791521
26.763187669
16.130221773
5.30780142519
23.7291518095
14.2967476188
5.62541949027
25.6717988668
18.2292307589
6.56784914863
26.0384678015
13.6637384071
4.93233763806
25.8913826955
15.4821374455
6.36693962482
25.9217078202
15.2439582549
5.91648915119
25.8878760685
15.2428647289
6.86220292213
25.5377902272
16.3975193108
4.68188657523
24.6525901295
17.8428301795
5.52874302759
23.0663459945
15.1700998891
6.49746025522
26.5657652147
14.9355900343
3.44993438603
25.2180964704
14.8322588584
5.70707187173
26.2718532586
14.3816834732
5.6984733808
25.2369474224
15.6911296207
4.41807922462
25.3978019149
14.6428063707
5.42977971029
24.7667598103
14.0519927839
4.71927248663
24.7445897347
15.762419214
4.3100118043
25.6783114215
15.2343221139
5.89699769779
23.8088762396
15.2574835545
5.70376181927
26.2531786058
14.2650158626
5.55185771477
25.3397376571
14.9735333783
5.62603562298
26.7154943608
14.5658153368
6.0192665772
24.0866357451
14.8879952923
7.01817043789
25.1788910589
15.5997828647
5.64299310606
24.8063851478
15.6836434364
5.59832348309
22.9159634121
15.0422267086
5.63974667416
24.7746516031
14.9040562035
5.52171252257
25.198313424
14.7337105557
5.46133519195
24.6542079499
14.2878465715
6.00843660847
26.5863273853
15.4874944052
5.35900157972
28.0415357177
15.9122087013
6.11261663826
26.0093109745
15.2632852306
7.21371431
26.0353746007
14.5207518788
4.54998171847
25.4412302633
16.068977904
5.19705444844
26.4437749935
15.4432175885
6.18769970279
26.0953919274
15.0098936635
6.06987444268
26.2645786025
15.9284476553
5.07133117263
26.1284576608
16.1501099474
6.9996423549
26.1075080589
14.6343080194
5.73351425816
25.0139696591
13.6569422837
6.175923702
24.1374093767
15.6589512542
2.46512086707
23.9060374127
15.9295810374
5.44691459935
24.9521150558
14.931453423
5.04728921611
26.1912167891
15.443388392
4.2508211554
23.8276992152
15.908658023
5.21129619909
25.7612248517
15.6895650482
6.14552263519
26.0387716131
15.6133044239
5.18881681113
25.6018315385
14.012795239
5.07602967975
26.6137224254
14.9411950313
5.17796154095
24.8243794505
16.3276232397
4.48031877583
25.9040055401
16.3944660304
7.74476255974
24.4110079941
16.32468262
5.53109407229
26.7899548241
14.6066356904
2.78281581052
24.5758872621
15.8671994745
6.33456350977
25.5538243418
17.07212975
5.67583027701
26.7074947478
16.2941572513
6.18400982576
27.0071655483
15.1118009042
5.90543899924
23.8745648169
14.6177983218
5.73730792242
26.7158981153
15.2241123198
5.1868219012
27.6210968927
13.9976050113
4.12613581977
25.2517627522
15.6595182501
6.40165764499
25.859101191
15.1381992461
6.31999162559
26.2725736762
14.726937851
6.42882437052
25.6854868197
14.7166964803
5.4678742858
25.4137138179
15.233524911
5.17035676465
25.609883368
16.6542502211
6.38409735406
25.5187465019
15.4946329018
6.08052376632
25.2397604653
15.1172149591
4.77029083758
26.109289149
14.1185945379
5.50774330123
26.4577235937
15.6054191338
5.56337717901
24.8529545319
16.9073502545
4.36252609067
24.2994970258
16.3783278647
5.71414200389
25.6592308796
16.1736059806
3.35388811015
24.6243882055
15.8653445728
6.06715718394
27.3658690851
14.7840255787
4.44525206806
26.5126510157
14.2268450543
6.24308659206
24.3983029673
14.2005777358
6.75091085892
24.8448184826
15.602090568
6.11628416668
24.2658995105
13.9842668217
5.48220594156
25.74949879
16.0427620531
4.20710927344
25.3760515525
14.5345027086
6.1078230743
26.0659694918
15.8733413026
7.84234498296
24.5474576128
15.5162776733
3.36419983437
26.4317550694
15.0671763459
5.50980265724
25.1308184676
14.580202876
6.18224734872
26.1896007129
16.1266890836
4.99206855567
25.5044400008
15.2107111786
7.47355288064
25.0206630163
16.1481841402
5.37558520206
26.1365208901
16.6833619283
6.09043662432
24.7292168213
14.2716638298
5.91708053184
24.0636131055
15.7526749054
5.57426553232
25.1451411285
15.2481741816
5.66709867271
25.6346054918
14.1279159841
5.56107557728
24.5418770025
16.2261861939
3.87073873033
24.6502121218
16.0289884098
3.91847536456
26.7375113883
14.8084859497
6.00362074939
24.8554345385
15.3065933601
6.95063504181
26.475153229
14.7243023949
4.98699313824
26.7127150284
17.3775980819
4.56438162879
24.6989482769
13.8772203183
5.72772220237
25.0935795035
16.1718892143
5.15139360611
25.0464975427
14.2181893201
5.18656510331
24.5139331683
13.6831906004
5.28931258033
25.0379825735
16.7188402812
5.93486955804
25.4354192563
16.0285774481
4.92390388379
25.46346758
16.7364367786
4.98624165237
25.3948054769
15.9306814405
6.02017385116
26.6171322916
15.340781052
5.05758860291
25.7225959953
14.8494993581
5.72299835091
26.039226676
14.4436218345
5.33452659778
25.9954565433
15.0243512335
5.18692395378
28.5049541471
16.7417314835
6.90136717111
25.2469711994
16.0563663822
6.38714666598
25.5510655796
16.17070014
4.00957904475
24.201727897
15.9085885894
5.94596896596
23.8728966225
15.8330142514
6.91081293949
24.2538273046
15.4923650281
5.55203212856
25.7195670393
16.5387926496
3.6582962146
26.2308699836
14.115097042
4.49042052438
27.6102988246
14.2730982794
6.34711748689
26.0070950043
15.6130142685
5.6827523067
24.4699069487
15.5076805875
4.47543518276
24.7901936497
14.9402514567
5.0577942524
25.7363322932
15.8128301822
4.41934773766
25.7044589261
15.3681024322
4.19977260952
24.947343424
14.7052996002
5.57925242178
24.9786620897
16.0289604348
5.87857540548
26.1061140039
14.3830119094
5.70098075445
26.5339456466
16.9473371981
6.21223656193
25.1161751291
14.4291236012
5.20463071051
24.8069089351
16.4267927348
4.4905060365
25.1291121891
16.1603188596
5.41935328775
24.3597587177
15.9294410934
6.0466688579
23.6473746043
14.9326261738
6.74540882066
26.2326332466
14.9763718675
7.54298517693
26.1274334727
15.6859595002
6.68253079488
24.5630101257
15.2867013892
4.56502721159
24.5259897632
17.1531985686
6.63865389524
25.0641588955
14.423262472
4.5930054914
24.8932916823
17.116735882
4.306958721
25.8061985091
15.9259887972
6.48064799378
25.0259432883
14.2053177196
6.04302536426
24.4857184961
15.2938158302
5.3770735687
24.6297185819
15.9635097687
5.87026706602
24.6304875848
15.6222983804
6.02942892089
25.1389747496
14.5624520953
5.84376995197
24.8761160652
15.6365941143
5.54537872542
24.3579937338
15.1680549922
6.0732375187
25.0721705501
14.81599723
5.58303100087
24.7095073271
14.7005906687
4.12577789824
25.6771006249
14.8780964358
6.02097679272
24.8493450851
14.2884619036
6.6773354087
24.7893756193
17.0536497172
4.51572002897
25.7112958092
15.7823540878
7.26574754893
26.1876918067
15.0370294065
5.17586994654
26.6329672793
14.5335988361
5.25475621756
24.2266956753
15.9520884748
6.10379623692
24.1972836794
14.1862297661
6.43327143392
25.3412591104
15.66887442
5.1828603756
24.8187972736
14.7668436767
4.23390746478
26.2069003915
15.3583734407
4.10484868234
25.9676714334
16.3518859297
6.25556868542
24.4457493411
15.4059073451
5.87805796689
24.3144320794
15.8150468683
5.55319008577
25.3806894265
13.0947504151
4.42635721946
24.0725133853
15.8967701811
4.80280692158
23.9195258649
14.8889003361
4.83301482128
25.1764227564
17.4352703761
6.99751728676
24.8108158946
15.2446620038
6.56342002198
25.4888959269
15.7770712759
5.84375618909
25.196944121
15.9713139646
4.16433374124
24.4735001498
15.8627299432
4.38611183073
24.9426110103
15.5212215278
6.54406602859
24.5575277946
16.5359722316
6.50843450565
26.3848395103
14.4477836312
4.31606809561
25.8734944584
16.3831226158
5.54243534915
25.3792417246
17.7434709021
6.71067983847
26.4948288867
15.0762479843
6.57668748488
24.7165973484
15.0295263159
5.55267864696
26.2848866989
16.1922602562
6.85715411171
26.8357871883
14.8458175038
3.45252783595
24.3074890831
14.6840977302
5.49297392849
26.1337300756
15.2695186673
4.2225587757
26.2496911012
15.5622378617
6.02577592799
25.065446811
15.5284508912
4.71909573121
25.0760340812
14.9093094979
7.0705235444
24.7433945201
14.8458929504
4.98745148385
25.3062853937
14.8847523967
5.72153389631
25.842693259
16.0846439059
4.39692536878
23.253272667
16.7132740824
4.83099551039
26.6121183055
14.8930378011
6.54516763792
24.7841374712
15.8092579333
4.01682654136
25.8209364619
14.6862962746
6.1531609755
25.8940847469
15.3323681527
4.15310401265
23.8739133163
16.2126677411
4.91191117109
26.227335645
13.8956064056
4.15473757303
25.4328169873
15.0861338044
4.49720364242
24.9574803084
14.5965023552
5.08708164042
23.9464683995
15.6059930033
6.31635188374
27.0416134678
15.5148918974
4.61827621215
25.5922370344
15.2982981768
6.03484967989
25.130950608
16.4425120394
5.31161159884
25.937387156
14.2856561663
4.72024003547
25.0759847647
16.8280520122
7.54116513212
24.4878938334
15.3901748695
5.49375518454
26.2678777525
15.2106870594
4.08690024741
25.6604508391
14.8060431981
7.27851318572
24.6534015351
16.8250704179
7.22788079538
27.0974619159
16.43837627
5.18706565001
25.0393970265
14.1396411876
5.5438606971
26.6360827549
15.0440069711
4.42281800849
23.5536718445
16.3173216601
7.51825596175
25.6097611328
15.3719182339
6.4830826319
26.0753963833
15.593352661
4.62115215093
25.4520164242
15.3803021539
5.9017465797
28.6742932804
15.1591627255
5.00891817407
26.0888110314
15.0544311453
4.47369329881
25.1993175406
14.6650539005
5.19458067456
24.3535634274
16.5471793706
5.41335469826
23.2645711459
16.9891987729
4.42338241659
25.3427466761
16.5231093049
6.20330776464
24.0697872023
15.243965909
4.52741469622
25.5496470723
15.7102230996
6.26154243006
24.969546114
15.3822433244
5.46343100479
25.3539377163
15.7428090348
4.8112423035
25.0149563832
16.1137596885
5.21530168501
25.9207442472
14.9732731091
4.37098600856
25.8384733449
16.931431343
4.3422629888
24.036918005
16.6543514906
5.87951996104
25.8871105847
15.6079422996
4.05727141141
26.3468211139
15.0260618176
5.70478148284
25.2748656084
15.1682801227
6.1868173467
26.2891600275
14.5663258975
5.94394939687
26.0837572083
15.0385554242
3.86059441534
25.2127005557
15.0053182079
4.71275795996
26.5881198901
14.7416815516
5.17514115969
26.4097033622
16.4743312511
5.41073741637
24.5738475508
15.4743269909
6.6344195013
24.2525822657
13.6628959755
4.80563069114
24.2797412582
16.1497038902
5.16413395053
24.4679358741
13.7752299177
5.41567302927
26.0075550378
15.3303919201
3.73486168793
25.2833738168
17.7007545627
6.30726187748
24.5372279925
16.7069468641
4.74058780739
25.0809440698
16.070014688
3.9633032437
25.3662234162
16.5615976653
5.49808076355
23.9804571511
16.1425075862
4.02528416609
26.0401002982
13.9784899321
7.0239303658
25.2301631545
14.16703243
4.28282187511
24.9112583859
16.3786137875
5.30650185279
25.9480404425
14.5843162034
6.49280298987
25.6075361682
15.5665022057
6.35912020927
25.8461537211
13.3663264199
5.97997246445
26.3835631642
16.9978445634
5.654390486
26.0159650477
14.3137774194
3.31284741788
24.3423584285
15.4482512915
5.22878118365
27.0466370313
16.2014251421
6.36678977053
24.8752522877
16.6086991783
3.3861891363
25.7706972266
16.5685994323
5.3526028015
25.256163266
17.0993864416
4.50239271645
26.1534711139
15.3263569217
6.49626589476
26.6533695735
13.1152175903
5.16421144606
24.288442515
15.5553319412
5.62017324438
26.1703533105
14.9740485765
6.07767051641
26.013574374
13.9952646992
6.91780107451
24.6073764974
16.5558732929
5.38406320839
24.443868159
14.8589764378
5.4089182002
25.4021800197
15.7538130828
6.89588073952
26.766799555
16.691112289
3.75172119367
25.9859582887
15.094864623
3.93902041941
25.5773971583
14.5558040078
6.94743685949
25.1650338083
16.6836458404
4.00108416879
25.8328478866
14.3403703054
6.90145279965
25.9093301659
15.5707790333
6.9274375607
25.3463828542
13.6126782319
4.63074260606
26.824063874
15.4566194315
6.80464497455
26.7433089942
16.8214602628
5.24601005462
24.6152580756
15.4294132279
6.93016109653
25.785432226
15.7796563825
3.54556484512
24.1840269082
17.5661017815
4.36735471349
23.1237915747
15.3996637004
5.02812282804
26.9292241067
15.1696715405
6.40660486301
25.3896019998
15.8885042989
7.11260310573
25.5258023507
13.2606083139
5.47308747545
27.563611561
14.2252936094
3.0311858186
25.5634644749
15.567224813
7.16801438668
26.9742233943
17.6123768759
4.39875222201
25.8262649239
14.3763010135
6.68982272728
26.0165660233
15.5313964015
4.95936311718
25.3448172186
15.424786153
6.19832741357
25.9906123068
15.4844881995
4.1937743756
25.247457866
15.6979790524
5.44125135035
25.2284089225
16.8724919015
6.2787304234
26.0880145351
14.6182678967
3.92859017141
25.1363385426
16.4291144289
7.52596492692
26.0509966262
16.1501902616
5.63386902148
24.853761944
15.2391068896
5.37661315083
25.8232241333
16.2504276887
6.65346984839
25.4613653993
15.4495448822
7.13596979749
26.5669999527
15.2578142666
5.24670312875
24.1664859609
15.8518332377
5.58520196482
24.9387372392
15.9734437821
6.02339985597
27.3955471032
17.3703573431
5.52627741127
25.5924767202
15.4943952512
4.34262355069
27.0008174474
15.488569133
4.96235430312
25.8440003574
14.9329403288
5.74750831981
27.2096052644
16.1678001646
5.57747603258
26.0988126739
16.288522657
5.11921871972
25.7214845099
16.8898922913
5.67561081043
26.3581364051
15.1200295577
6.82565353492
25.6767809363
14.161074104
6.73509789279
25.7166432301
15.2877969456
4.56545053005
26.2317985548
15.8884669333
5.39015629635
24.9727948873
14.0883247792
6.01746518364
26.4324735372
16.1170512698
5.00696420055
24.0789258135
15.9742877905
4.12765941643
23.5771850697
14.9425509223
4.1049121041
27.5509480886
16.3668202055
4.24247261576
27.3298032561
16.5077538141
5.23388263077
24.7307306584
15.1111656369
5.92000946619
25.1742780775
14.2352253042
4.38184069986
25.4340244906
15.1792194639
2.98994418502
24.3071440994
17.6891184776
5.45162697283
23.7723136898
16.6809586806
3.28525208277
26.0357682096
13.9291073032
6.20615168357
25.4472853024
13.1815087644
5.7115447197
25.0429554812
14.5976788249
5.14536018756
27.1357508954
15.4913523426
6.3696364265
25.9799621168
15.0926948925
5.07087804171
24.1547546692
14.3965365782
3.5248020635
26.1321439779
14.8940973371
5.78546304021
25.0422892084
15.1536779986
5.93790462382
26.0321828931
14.7899190219
6.19261273337
26.3526661487
13.8316910753
5.43646155447
24.7144811758
15.9867230377
6.28649656335
24.272485283
16.6387661942
4.11069780458
26.4878998737
14.0081831799
5.44867580882
26.1809498699
14.881149824
5.98353795529
24.3481248429
15.2084560821
6.28080974014
25.4099424359
16.1778064974
4.36104798074
25.0622547601
15.1453923929
5.55341938232
25.2821492826
13.6437240567
7.08211498787
26.450655523
14.5960823777
4.03115761509
25.8801095478
14.9288256329
5.38758710305
27.0257764338
16.2502471932
5.59822021057
25.9055667387
15.6499045437
4.7793751323
26.2622494581
15.3920284457
5.22411013596
26.8804587779
16.0044278909
7.30344743849
26.9928309415
13.6656666024
3.43509910677
26.4580067238
15.8023499559
6.77510229559
28.6876781759
14.6865104094
5.69183111267
24.4810755971
15.571888941
6.71070856676
26.2913081308
15.8164755619
4.68720915687
27.6770729877
15.9785217182
5.86609072653
25.3999761139
13.5816161294
5.05494586595
26.9878201131
16.5476837643
6.18660034372
24.265940166
15.1083118971
6.70894046866
26.7284901948
17.433272602
4.18424165079
25.2424488343
16.398423988
5.89980561975
26.4031282299
16.2898231814
4.7510165829
25.3967260717
13.5285741513
5.44415366178
26.9937035575
16.8823596911
3.47587101172
27.7570984039
17.2742471973
7.04193819731
25.4818340359
15.9897359637
6.80149325579
26.3937669697
14.5269102775
5.00676963879
25.4545629109
16.0021497772
5.57199421216
24.1971997323
15.5550082283
6.87301036043
25.927461537
15.2719232886
3.06008947877
25.7446445087
17.1196124671
5.36074772916
25.4414745655
15.7979531078
4.41163029408
25.3668345462
15.1335309143
5.91371078459
25.7074314515
14.6373115258
5.26819999008
26.4994980483
14.9149868399
5.84970662393
25.7988511251
16.012519979
3.78583673832
26.507081942
13.797158585
6.61155563437
25.3373895115
16.6850538758
6.02391422307
24.5739233823
13.6628556797
5.86027452944
26.3123436036
15.1873433965
4.52111358329
25.2966007118
15.4324671296
5.42000799731
24.2646436001
16.8646734334
6.63254128679
24.0457944448
15.2439520973
4.93405738663
26.0862278366
15.8587588676
3.54421573037
27.4406625598
16.2014134689
5.32363788833
26.4233697574
15.1293555929
6.07958341139
26.9171104891
13.828904642
4.10032146344
28.2891119865
15.7377969124
6.74076480321
24.7254407919
17.2242046299
3.88478646683
27.1390570891
16.4306284097
4.15064361378
25.3182037939
15.1062581856
4.71027152307
25.5780346916
16.9973751976
5.91600127896
26.0147470575
16.1077578175
5.08848504736
24.1067184091
15.8882184536
6.98813488744
24.1334416138
14.5980659396
4.17914924854
26.4165906326
14.8897818235
4.73023835416
27.0263785246
14.9998522175
6.37941986382
25.5905082625
15.440134195
6.38562752141
27.1969680269
16.8846438252
6.57778441679
26.6310335267
14.865547367
5.85210666863
25.8210822867
13.6680353263
6.453107327
25.1504290737
14.1133749507
4.35999968449
25.9971021193
15.5861794185
6.68334061664
25.5427500599
14.2481385636
4.45114356994
26.1491102029
15.7371293968
7.41291650142
25.3499987112
15.2196064634
3.98053418405
25.9153919357
16.7897108022
4.68429740265
23.5936742415
15.5526470659
5.95782757223
25.779051465
15.2173256991
4.21535360238
25.2088224154
17.2202547911
5.95441802654
26.056585985
15.6715135092
6.60606589388
24.6135793103
14.7819208126
6.18241125324
22.5173081562
13.3102675751
5.38786398865
25.7802177156
12.0993870535
5.89803426953
25.5986095296
15.1914240272
7.97358461206
27.3097696662
15.9931749839
5.37200196622
26.2107252397
15.1435557418
4.95592567136
26.6960367518
16.1833850411
8.06672441579
25.8285941036
15.6289193271
3.80646257635
25.6336568794
15.9833685724
6.71651294243
26.2221442474
17.14545703
6.31966720165
26.1602469629
15.8389929516
5.86773009853
24.9293558091
16.0577609424
5.61678236395
24.9580942842
15.6033063065
5.93860055309
25.7726376497
15.9308375198
4.46280695411
25.6519440949
12.686444343
5.82533585597
24.3487074353
15.5132974819
5.27022356877
24.9360634232
16.9996213606
5.6004620472
24.446144767
14.5718505797
5.51987035016
23.0730248879
15.094173135
5.80025155892
25.5785932769
15.5180552905
7.20978400184
25.2682433558
15.6341663607
5.93284206627
23.3067936423
15.551640324
4.41940602004
26.0800606748
14.8774533009
6.15335511513
24.8516827987
16.2841337142
4.42953069408
25.2165311222
16.3312511994
6.04992630672
24.6212210879
15.7358393572
6.57225551878
26.5255600624
15.1486843274
5.65282444363
24.3724815466
16.6380544165
5.37036370554
25.7273350473
14.8378495807
5.35230820809
24.9555160041
15.4089985905
7.12599219986
26.6681174618
16.3989639161
7.11736181495
26.0244377844
15.6972618835
5.3270245504
24.6038821382
16.3527843257
4.94847840326
26.2220007926
15.6656025902
6.70476326001
25.3207333821
15.9406010165
6.384952738
25.5625177888
15.5557021098
6.57468821954
26.7213939867
14.4778891689
4.00232004669
25.000869769
15.8668896014
6.17529347581
25.8034124129
14.2177553168
6.76586017064
24.9427496608
15.9716987409
4.41978604976
25.7285600555
13.103178715
5.74822014154
26.0183393552
16.6711007593
6.46252349052
25.2764767661
13.821705441
3.34100745444
26.6508323569
17.1573758607
6.09201048899
24.3704357237
15.1920631058
5.55334242568
24.6450829221
15.5351327954
6.05061937723
25.6105511952
16.4372554813
4.87369149796
26.0023830995
16.1412690185
4.51862407308
25.8779122573
15.0953574959
7.49348432408
24.6160285457
16.4276151879
4.25074188582
26.5427257987
14.8500488558
4.24802913428
25.9567946187
16.1066392227
3.98798743973
26.8825716125
16.1943729986
5.85551150438
25.3318394852
14.4976167813
4.53784203766
25.3123503739
15.5534774251
4.63889053128
27.3047416594
14.1894554043
4.55059718054
24.9045310995
16.0631189963
7.02484755263
26.39700294
15.8322490378
5.32516608677
25.7755612975
15.2859684762
5.72641256553
25.3839765664
16.3894087611
4.5936158775
24.8882229336
13.7595497135
5.57630870347
26.4363654659
14.8100071832
5.43820069635
26.947757146
16.2989574589
4.76681503863
25.1995066581
15.2158424041
4.47388382617
24.3559650232
14.4941776864
5.52748989021
24.348086631
15.2088949833
5.76881212147
23.6725108265
17.1024017567
4.68425609657
26.3797579846
15.9694257693
5.39787656662
25.6221965786
14.9305413166
6.15753036046
26.1932496971
15.7686516675
4.30956983941
24.587851743
15.1046207933
6.25639658644
25.4084142873
15.7407123892
5.96917638084
24.0424649053
14.0488270338
4.37215736139
24.9026934204
12.9192998927
5.77209888988
25.2567007527
15.7466378711
3.80277538635
24.1877635072
14.1752595012
4.58690946656
26.2813148296
15.6903498514
5.72367635108
25.6448466779
17.0696036986
5.8572411469
24.4083452721
15.5569636487
6.72218210165
24.6545501327
15.3591928321
5.0139096792
24.2748656344
17.0662098318
6.02436110062
25.3330132839
14.0544545597
6.18645891163
24.7441825437
15.9835623504
5.97002920262
25.8028229309
15.255286276
4.80174059623
26.208192617
14.9502857637
5.82413643297
26.1450976798
14.7306721775
4.76502155389
25.834344668
18.2694423042
3.17260767244
25.3845059807
16.793685638
4.81280756325
25.6713871063
15.2245757961
4.87581372928
24.8714634268
17.0469573868
4.47928439001
25.4434138027
13.1677169963
5.28988265664
25.4210406571
16.2012791358
6.59208549623
27.1677684125
16.116208597
6.31030922853
25.20978634
15.9488816848
5.46972864437
28.3300741021
14.3741765283
7.42696819349
26.6501010201
15.8649624699
3.68114427018
25.6012577737
13.5098807044
5.99647425683
26.6233549438
14.9777614128
5.06244050439
24.9401615913
16.9264837185
4.75399235329
25.1170541899
15.4797113096
6.06272840944
25.8205336349
16.9459926965
5.89186119856
26.7459701915
16.0392768246
5.37234412001
25.6262024529
14.7744213165
5.72898166601
26.5065317276
15.5625534027
6.12675720258
24.38984763
15.6123475172
5.71758318431
25.4872390457
15.3889779735
7.48377751163
25.4653217074
16.767887813
5.93840136616
25.4751086333
15.6457692584
5.32985774348
24.3537664701
14.846483721
5.06225833893
24.6560301816
14.3757085578
5.93761941101
24.7597426278
16.3348667941
4.48151239164
25.5628367929
15.4475283327
3.99919573615
23.5090434552
14.7268909904
3.58797313774
25.293385426
16.4323376946
4.21190162935
25.3815122812
16.3970154521
4.23545335138
26.1192356222
16.2356142603
5.15466237433
25.8714044239
16.255866045
6.46799947757
25.9407810806
14.3903895735
4.5405667087
26.0171918122
13.889238276
7.3078340376
24.9365220512
17.5165920035
5.46096951222
25.6525995611
14.8518292036
3.39199441595
25.8502412182
16.5103266079
3.36212253226
24.7772035192
14.9189872253
4.65856500339
24.6931348898
15.1336058469
6.82824289256
25.8139546583
16.1691852601
4.93515471014
26.1781820995
15.453799755
6.70354229314
24.4038164063
13.8647328063
7.19818061889
26.7279375657
15.2477830622
5.12578411039
24.9036843134
15.9536069061
6.61754060125
26.0535397218
16.1012715741
5.43398376633
25.9505339911
15.2763676854
4.48826067579
25.0945506731
14.6539402837
7.47247120366
25.1615415822
16.6360915806
6.15955143438
23.8470908032
15.002033466
5.70212818765
25.8332308629
15.6889097886
6.91119661857
25.8691573773
15.4808311753
5.59819015138
25.1447364527
16.3692631818
5.80603068369
27.1027095041
13.9316357203
5.71091334886
24.319753783
15.5037389355
5.54556013274
25.503167045
15.8367930612
8.31809284167
24.6842239317
15.9585301552
7.2125117767
26.9373954674
15.4619024852
6.2764794742
27.7122260627
15.9091602538
5.4919755192
25.8723608125
15.5947851008
5.84323127556
25.2341796262
16.2534103663
5.29480281179
24.3761871898
14.9457649418
5.28239156589
25.2557213889
14.972815567
4.36448703638
26.6859525271
15.3718690533
4.2008165794
25.5612798854
16.140532826
4.84978460335
26.1090655912
15.9845324287
7.15568145855
25.4777990927
15.6035191587
5.19828443669
26.0810957295
16.5524915877
3.91949015819
25.0013847267
14.6166492605
5.75112619411
27.3256221651
16.1074905103
3.75582989005
23.6611204375
15.3007807456
7.76367116897
25.3507893685
15.054977231
6.55859749355
25.9039735701
15.4234861742
4.73193108872
25.6730585355
14.9301377642
6.48612589942
25.5846345913
16.5211660898
4.53713967897
24.3489075285
16.7037689417
4.51551667041
24.8313740782
15.0349703821
5.49433101462
24.426225922
14.7735605439
5.6265597197
24.7391015952
15.8170356473
4.20919868596
25.2402016072
15.4154097391
6.33474168283
26.7825552861
14.86345221
5.66298524049
26.9366311589
14.6332028725
6.09790098729
25.3270693961
14.1226627365
5.74330971812
25.0357261239
13.8235260685
5.49776167916
25.240606941
14.5174710899
6.10989708052
26.4127674243
16.0630860683
6.31574213686
25.8124198581
15.4615289544
6.36583353227
26.6230546284
14.3711454065
7.06255547535
26.3927108657
16.702210919
5.07100215342
25.2930265086
14.0725037886
6.40485180346
26.6921570207
15.8864248905
4.70991869141
25.2397792725
14.2451880963
6.60037845794
26.0277901027
15.8537672477
5.55375575077
25.8480533422
17.6210329085
5.25939049655
26.263147637
14.7588538118
7.52771403336
22.1429450259
14.5260405921
3.53490096248
25.847652258
15.6670124178
5.17525611936
24.6540541352
14.8098686849
6.42489320671
25.090643624
15.8826642882
5.60007398875
26.3329559588
15.6986981627
6.91654682785
24.3774838387
17.4432646397
4.20855233923
25.0720724641
15.7993228269
4.46594222671
25.4908056912
15.4223144996
7.00057548711
24.1909081952
16.8367008832
6.1701784247
25.7757727742
13.8660006956
4.33749710623
26.6719148834
17.6366807689
5.9441749327
25.1410897947
15.7123091619
8.12482023242
25.0453225779
17.535725179
6.15138106184
24.6347722957
15.3327591062
8.33273942131
24.828335113
14.2248456224
5.94401166489
26.586375061
16.0312593802
5.59886899632
25.5636458818
12.8050341631
5.58699739388
24.2470744318
15.4302613324
4.52924274882
25.377187857
14.746477316
6.40171465232
25.607154416
16.1939040662
5.47591935687
26.3334949833
15.1297132523
6.83649809876
24.7686666996
15.7583743177
5.325058423
23.4544059079
17.0157332051
6.41024397423
25.5046920118
17.3773569364
6.18375395823
26.1943533108
17.2021696697
5.37316168813
24.3333598169
15.9943443935
4.65259218576
26.5102651041
15.1816733095
7.2213834697
26.3646930149
16.4517559768
5.48341088196
25.265258018
16.1321884461
4.39025268867
26.2682289603
15.2175430005
